1.209256042460339353e+00 1.431760399618203827e+01 6.276253167888318218e-01 1.063922804397401478e+01 1.312020677072139563e+01 -6.572727095954942200e-01 9.143525375298855451e-01
2.453495348040126700e-01 1.436162501631235600e+01 4.238000289015614874e-01 1.364894730750112473e+01 1.304314716374821614e+01 -3.608066646819119150e-01 -8.800729174221606499e-01
7.460947056033866431e-01 1.433240914411968348e+01 1.620058075388354502e-01 1.255242329351437647e+01 1.298392726029553934e+01 -7.780722649934381785e-01 3.610704401126685337e-01
4.897745279600727031e-01 1.454204805965938796e+01 2.651157552160773867e-01 1.328447838018927740e+01 1.297959041434060801e+01 -9.143955712296338856e-01 9.004535977905283595e-01
9.777557534235337133e-01 1.429171908476461184e+01 6.726380486215853827e-01 1.228785343418227605e+01 1.318962730588017962e+01 -3.523846942725801235e-01 -4.888530974073947988e-01
8.582376729575205143e-01 1.417641035044274389e+01 3.425888930984591907e-01 1.268988576793526590e+01 1.301761020635268906e+01 1.265696754917600142e-01 1.622507006593836287e-01
9.929809752743636864e-01 1.426582958125301381e+01 2.966977852815700367e-01 1.222407207505007420e+01 1.303599542401497224e+01 -9.144452247217580432e-01 -5.085562284707572100e-01
1.099230696851820177e+00 1.431211862548015290e+01 3.873385128906705610e-01 9.927319916048491066e+00 1.305748167337153909e+01 -9.327591332365918753e-01 -5.225325093796038267e-01
2.443478458311985069e-01 1.418062740461081006e+01 4.167856169233056240e-01 1.362442116414935533e+01 1.300842354062118389e+01 -8.956751976050227881e-01 1.123573743391375057e-01
1.435256340741237979e+00 1.429254238035071012e+01 5.627171679969596996e-01 1.049285630513939260e+01 1.304588677559506849e+01 -8.582922383678193157e-01 5.976657466900148208e-01
5.947959251923617963e-01 1.450347087309583216e+01 7.624340774038088631e-01 1.238580145217024508e+01 1.329188085485309401e+01 -8.421512427251647281e-01 5.251900570287661996e-01
6.380539548340939948e-01 1.441356050067540906e+01 3.727694284922667967e-01 1.235137554102897361e+01 1.313109795699129734e+01 1.495886139516686697e-01 -5.654278967950145951e-01
3.596438698983670523e-01 1.454183446377658839e+01 3.853413430987376875e-01 1.323959058752730122e+01 1.305238133708063586e+01 3.240000404996761230e-01 6.365254804170250580e-01
4.154013100046805018e-01 1.484902076015686312e+01 3.365950511192119521e-01 1.252131703197526136e+01 1.310576120478777185e+01 -3.630618039915729511e-01 8.643310619074073831e-01
7.308229059101665204e-01 1.438251511660757487e+01 2.270831044017291855e-01 1.180275371625135961e+01 1.307112171676814505e+01 5.938446815713993576e-01 4.141318802336899640e-01
